EPOCH: 0
COST: 561046.8061884519
COST: 803062.8613059991
COST: 859438735563809.4
COST: 6.136037534077291e+41
COST: 2.2856428139874023e+123
